m4WLD(Clone)	-0.02750498	0.0576111	0.004551947	0	0	0
m4WLD(Clone)	-0.03318928	0.1921038	-0.2408434	0	0	0
m4WLD(Clone)	-0.01913498	0.1862074	0.6660826	0	0	0
m4WLD(Clone)	0.02233954	0.1090402	0.256453	0	0	0
m4WLD(Clone)	-0.01785041	0.3220563	0.431251	0	0	0
m4WLD(Clone)	-0.02341732	0.3073924	0.6887206	0	0	0
m4WLD(Clone)	-0.01153331	0.1110921	-0.619875	0	0	0
m4WLD(Clone)	-0.01512771	0.4350107	-0.02320346	0	0	0
m4WLD(Clone)	-0.03224567	0.1361859	-0.3072482	0	0	0
m4WLD(Clone)	0.01091767	0.05720372	0.2835298	0	0	0
m4WLD(Clone)	0.06193299	0.2596152	-0.02480894	0	0	0
m4WLD(Clone)	0.02669028	0.3432536	-0.3559893	0	0	0
m4WLD(Clone)	-0.01543942	0.08981819	0.4693594	0	0	0
m4WLD(Clone)	0.002484046	0.4329563	0.4546443	0	0	0
m4WLD(Clone)	-0.04082899	0.202323	0.711122	0	0	0
m4WLD(Clone)	-0.03441603	0.2095106	0.7019444	0	0	0
m4WLD(Clone)	-0.02729679	0.2228887	0.7555186	0	0	0
m4WLD(Clone)	-0.02737241	0.2925281	0.8421587	0	0	0
m4WLD(Clone)	-0.02167306	0.3296237	-0.4191658	0	0	0
m4WLD(Clone)	0.05071661	0.2372525	-0.2696206	0	0	0
m4WLD(Clone)	0.02122608	0.237868	-0.192618	0	0	0
m4WLD(Clone)	0.01637233	0.2285158	0.9258812	0	0	0
m4WLD(Clone)	0.03970724	0.3062308	0.3508848	0	0	0
m4WLD(Clone)	0.001424674	-0.06716412	0.1824404	0	0	0
m4WLD(Clone)	-0.03627659	0.0199028	0.3569224	0	0	0
m4WLD(Clone)	-0.02311961	0.05171841	-0.02469766	0	0	0
m4WLD(Clone)	-0.01057471	0.4043694	0.7952448	0	0	0
m4WLD(Clone)	-0.0268569	0.3332826	-0.2003659	0	0	0
m4WLD(Clone)	-0.02004039	-0.01436447	-0.1969408	0	0	0
m4WLD(Clone)	0.03092138	0.2411084	0.8638954	0	0	0
m4WLD(Clone)	-0.005375136	0.323462	0.5579415	0	0	0
m4WLD(Clone)	-0.001171231	0.2672836	0.7067095	0	0	0
m4WLD(Clone)	0.01869673	0.2124197	-0.6393918	0	0	0
m4WLD(Clone)	-0.05025253	0.3179497	0.2563653	0	0	0
m4WLD(Clone)	0.05713843	0.2695903	0.4298895	0	0	0
m4WLD(Clone)	0.02136377	0.2979939	0.6875969	0	0	0
m4WLD(Clone)	0.0225979	0.05394044	-0.5209197	0	0	0
m4WLD(Clone)	0.02178831	0.09066933	0.4662979	0	0	0
m4WLD(Clone)	-0.002129994	0.2628188	0.334176	0	0	0
m4WLD(Clone)	-0.01494029	-0.02576582	-0.2317625	0	0	0
m4WLD(Clone)	-0.005907126	0.1629889	-0.441182	0	0	0
m4WLD(Clone)	-0.03459566	0.06065316	-0.1156118	0	0	0
m4WLD(Clone)	-0.002501491	0.1222632	-0.4548551	0	0	0
m4WLD(Clone)	0.02231992	0.265282	0.5078595	0	0	0
m4WLD(Clone)	-0.007850453	0.3029923	-0.09811336	0	0	0
m4WLD(Clone)	0.02238977	0.1718561	0.7936668	0	0	0
m4WLD(Clone)	0.01149369	0.1846561	0.2912892	0	0	0
m4WLD(Clone)	-0.04890504	0.1585154	0.3512524	0	0	0
m4WLD(Clone)	0.03825584	0.09602795	0.3285668	0	0	0
m4WLD(Clone)	0.03721642	0.05352377	0.1065414	0	0	0
m4WLD(Clone)	0.006144647	0.2972264	0.3126581	0	0	0
m4WLD(Clone)	0.01915582	0.3997771	0.2584458	0	0	0
m4WLD(Clone)	0.02042019	0.3827512	0.5148212	0	0	0
m4WLD(Clone)	-0.04438107	0.2013295	-0.09111902	0	0	0
m4WLD(Clone)	0.04804067	0.1206519	0.3813318	0	0	0
m4WLD(Clone)	-0.03809539	0.08735293	0.2013188	0	0	0
m4WLD(Clone)	-0.01107746	0.1444044	0.1843684	0	0	0
m4WLD(Clone)	-0.009858768	0.2458347	0.7286343	0	0	0
m4WLD(Clone)	0.02249583	0.2637775	-0.4281181	0	0	0
m4WLD(Clone)	0.01380215	0.09164951	0.3085844	0	0	0
m4WLD(Clone)	-0.02276064	-0.07382277	-0.07784966	0	0	0
m4WLD(Clone)	0.03168612	0.1451394	0.3244639	0	0	0
m4WLD(Clone)	0.01275414	0.2667477	0.8342716	0	0	0
m4WLD(Clone)	-0.02989103	0.02858527	0.06483957	0	0	0
m4WLD(Clone)	-0.01193163	-0.09413766	-0.05178815	0	0	0
m4WLD(Clone)	0.05160957	0.1444156	0.00733614	0	0	0
m4WLD(Clone)	0.03074105	0.08954656	-0.07991666	0	0	0
m4WLD(Clone)	-0.05349002	0.2803378	0.1370029	0	0	0
m4WLD(Clone)	-0.03276688	0.3042555	0.7311367	0	0	0
m4WLD(Clone)	0.01442605	0.3935058	0.7376222	0	0	0
m4WLD(Clone)	-0.00554638	0.188033	0.3060753	0	0	0
m4WLD(Clone)	0.04031307	0.1337356	-0.3716483	0	0	0
m4WLD(Clone)	-0.01105769	-0.07685	-0.04790342	0	0	0
m4WLD(Clone)	-0.02632533	0.3742761	0.6538707	0	0	0
m4WLD(Clone)	0.03925832	0.2208891	-0.6640484	0	0	0
m4WLD(Clone)	0.03335801	0.3151436	0.009818792	0	0	0
m4WLD(Clone)	-0.02900608	-0.04266099	0.2553543	0	0	0
m4WLD(Clone)	0.01973366	0.3875512	0.1591265	0	0	0
m4WLD(Clone)	0.003270529	0.1065215	0.5608152	0	0	0
m4WLD(Clone)	0.0010757	0.04547438	-0.4202614	0	0	0
m4WLD(Clone)	-0.009362811	0.192549	-0.02698845	0	0	0
m4WLD(Clone)	0.04746795	0.3574188	0.1077098	0	0	0
m4WLD(Clone)	-0.03807264	0.2358333	0.1272046	0	0	0
m4WLD(Clone)	0.008898473	0.3805569	0.4103545	0	0	0
m4WLD(Clone)	-0.02915554	0.2775836	-0.216098	0	0	0
m4WLD(Clone)	0.02824699	0.3888813	-0.07629475	0	0	0
m4WLD(Clone)	0.02596122	-0.01031336	0.1473583	0	0	0
m4WLD(Clone)	-0.02083188	0.06563635	0.1966105	0	0	0
m4WLD(Clone)	0.005537651	0.2786687	-0.1202576	0	0	0
m4WLD(Clone)	-0.04685662	0.2549646	-0.1589909	0	0	0
m4WLD(Clone)	0.05328272	0.2375226	-0.280101	0	0	0
m4WLD(Clone)	0.04137865	0.3371013	-0.3595687	0	0	0
m4WLD(Clone)	0.002237637	0.2213306	0.2903858	0	0	0
m4WLD(Clone)	0.005532268	0.233108	0.8938215	0	0	0
m4WLD(Clone)	-0.01212917	0.23446	-0.6256161	0	0	0
m4WLD(Clone)	0.02130192	0.2596887	0.5918089	0	0	0
m4WLD(Clone)	0.02416202	0.1400072	0.4598354	0	0	0
m4WLD(Clone)	0.01790938	0.1750499	-0.2840038	0	0	0
m4WLD(Clone)	-0.01604671	0.3053037	-0.2242508	0	0	0
m4WLD(Clone)	0.01984714	0.3160808	0.6165688	0	0	0
cat_mod(Clone)	-0.1373272	-0.5816615	1.868291	0	0	0
cat_mod(Clone)	-0.326925	0.09936893	1.665835	0	0	0
cat_mod(Clone)	0.1600689	2.007376	2.202947	0	0	0
cat_mod(Clone)	-0.0359953	0.5857928	1.669897	0	0	0
cat_mod(Clone)	-0.2234164	-2.4475	1.534255	0	0	0
cat_mod(Clone)	0.1154692	1.913442	2.450231	0	0	0
cat_mod(Clone)	0.284565	-2.242249	2.267751	0	0	0
cat_mod(Clone)	-0.284415	1.362054	2.672354	0	0	0
cat_mod(Clone)	-0.4354624	-2.409401	1.870776	0	0	0
cat_mod(Clone)	0.2727052	-0.3257806	2.653742	0	0	0
cat_mod(Clone)	0.3068945	-0.3039486	0.03791335	0	0	0
cat_mod(Clone)	-0.115277	-1.646635	2.249143	0	0	0
cat_mod(Clone)	-0.6097195	-1.165368	1.566151	0	0	0
cat_mod(Clone)	0.3305014	1.25049	0.7915425	0	0	0
cat_mod(Clone)	0.6365642	0.4802742	1.031837	0	0	0
cat_mod(Clone)	-0.424559	1.926741	1.971611	0	0	0
cat_mod(Clone)	-0.3421792	-0.9196706	0.5214543	0	0	0
cat_mod(Clone)	0.1678816	0.7042248	2.801753	0	0	0
cat_mod(Clone)	0.4796034	-0.1823374	1.734746	0	0	0
cat_mod(Clone)	-0.5091967	-0.2843397	0.9551191	0	0	0
cat_mod(Clone)	-0.4611946	0.08904171	1.902851	0	0	0
cat_mod(Clone)	-0.1006676	-4.639527	2.237261	0	0	0
cat_mod(Clone)	0.6390092	0.7816846	1.226491	0	0	0
cat_mod(Clone)	0.325419	-0.6530418	0.2040531	0	0	0
cat_mod(Clone)	-0.06700101	2.296362	2.969453	0	0	0
cat_mod(Clone)	-0.1342835	-1.70222	1.190736	0	0	0
cat_mod(Clone)	-0.236421	1.077606	1.487384	0	0	0
cat_mod(Clone)	-0.4658068	-1.647521	1.500691	0	0	0
cat_mod(Clone)	-0.06340912	1.507632	1.149116	0	0	0
cat_mod(Clone)	0.1737719	-0.9058914	0.2616871	0	0	0
cat_mod(Clone)	0.3987384	2.253148	2.988761	0	0	0
cat_mod(Clone)	0.4409902	0.08700597	0.3198447	0	0	0
cat_mod(Clone)	-0.2771544	0.1178826	2.065417	0	0	0
cat_mod(Clone)	-0.4102244	-1.772068	2.108091	0	0	0
cat_mod(Clone)	0.1985867	-0.4363498	0.9265311	0	0	0
cat_mod(Clone)	0.2580924	-1.893404	0.8633484	0	0	0
cat_mod(Clone)	-0.200217	-1.701852	2.239611	0	0	0
cat_mod(Clone)	0.06557059	2.190827	3.16633	0	0	0
cat_mod(Clone)	-0.2966724	0.7782328	0.2358576	0	0	0
cat_mod(Clone)	-0.2080582	-3.056929	1.567747	0	0	0
cat_mod(Clone)	0.09088108	-1.898585	2.720597	0	0	0
cat_mod(Clone)	0.2856575	-1.292595	0.3595237	0	0	0
cat_mod(Clone)	-0.08705059	-2.463337	2.191262	0	0	0
cat_mod(Clone)	0.1862719	0.1103067	2.784591	0	0	0
cat_mod(Clone)	0.3738374	1.472272	1.941982	0	0	0
cat_mod(Clone)	-0.4997285	0.568193	1.768186	0	0	0
cat_mod(Clone)	-0.09065211	0.4705463	3.067634	0	0	0
cat_mod(Clone)	-0.5294731	1.651606	1.828611	0	0	0
cat_mod(Clone)	-0.4560527	-0.4909977	1.28999	0	0	0
cat_mod(Clone)	0.2988083	0.3919456	0.3398115	0	0	0
cat_mod(Clone)	-0.4577052	-2.184541	1.458922	0	0	0
cat_mod(Clone)	-0.5468303	0.6804509	2.78559	0	0	0
cat_mod(Clone)	0.3816355	0.1618834	3.031674	0	0	0
cat_mod(Clone)	0.5210347	0.4221754	0.8477818	0	0	0
cat_mod(Clone)	0.004011333	-2.103157	2.579025	0	0	0
cat_mod(Clone)	-0.09982851	-0.9079289	0.5207491	0	0	0
cat_mod(Clone)	-0.4660516	2.39525	2.908941	0	0	0
cat_mod(Clone)	-0.0214617	1.208568	0.2483763	0	0	0
cat_mod(Clone)	-0.2025779	-4.061468	2.18521	0	0	0
cat_mod(Clone)	-0.2973993	0.04963374	1.476902	0	0	0
cat_mod(Clone)	-0.4203293	-0.1859682	1.701248	0	0	0
cat_mod(Clone)	0.1666574	0.08059382	0.2900674	0	0	0
cat_mod(Clone)	-0.2364535	-4.169563	0.04788491	0	0	0
cat_mod(Clone)	0.1550773	1.015735	1.472995	0	0	0
cat_mod(Clone)	-0.4145296	0.9932743	1.851852	0	0	0
cat_mod(Clone)	-0.1522432	2.324074	3.098903	0	0	0
cat_mod(Clone)	0.1926637	0.3221533	1.003001	0	0	0
cat_mod(Clone)	0.5786101	0.1070747	2.514104	0	0	0
cat_mod(Clone)	-0.1333744	-0.6084413	0.9128465	0	0	0
cat_mod(Clone)	0.4095671	-2.34234	1.023802	0	0	0
cat_mod(Clone)	0.4309077	-0.8014646	2.139099	0	0	0
cat_mod(Clone)	0.5504074	0.9588695	2.249346	0	0	0
cat_mod(Clone)	-0.2016288	-1.458171	0.9623386	0	0	0
cat_mod(Clone)	0.5006953	0.6750678	0.9906225	0	0	0
cat_mod(Clone)	0.1954802	0.6018066	1.281906	0	0	0
cat_mod(Clone)	-0.2242486	-1.669928	0.3639199	0	0	0
cat_mod(Clone)	-0.4318922	-0.4332378	1.852021	0	0	0
cat_mod(Clone)	-0.3368492	0.9540931	2.925056	0	0	0
cat_mod(Clone)	-0.1664214	-1.12871	1.651907	0	0	0
cat_mod(Clone)	-0.5981061	0.3235267	2.674019	0	0	0
cat_mod(Clone)	0.3394379	-2.458104	1.969557	0	0	0
cat_mod(Clone)	0.1817225	-2.561228	0.8658857	0	0	0
cat_mod(Clone)	0.1321084	-1.481236	2.735973	0	0	0
cat_mod(Clone)	-0.2163451	1.562742	3.037294	0	0	0
cat_mod(Clone)	0.6092176	1.517808	2.386472	0	0	0
cat_mod(Clone)	0.4839385	1.483495	1.750603	0	0	0
cat_mod(Clone)	-0.02956879	0.03455555	0.689061	0	0	0
cat_mod(Clone)	-0.1684049	0.6940438	1.686933	0	0	0
cat_mod(Clone)	0.2528418	-1.383624	0.8928429	0	0	0
cat_mod(Clone)	0.2316697	-2.540281	0.8714839	0	0	0
cat_mod(Clone)	-0.6445106	0.5432364	1.022498	0	0	0
cat_mod(Clone)	-0.3816776	0.1650491	0.4874885	0	0	0
cat_mod(Clone)	0.4596855	1.085807	2.62053	0	0	0
cat_mod(Clone)	0.1301091	-2.053625	1.257192	0	0	0
cat_mod(Clone)	0.2608567	-1.636392	0.7984516	0	0	0
cat_mod(Clone)	0.2438786	1.076463	1.875543	0	0	0
cat_mod(Clone)	-0.3149166	0.9800582	1.536149	0	0	0
cat_mod(Clone)	-0.4558488	-0.473129	0.3149261	0	0	0
cat_mod(Clone)	-0.4506175	-2.445566	1.988239	0	0	0
cat_mod(Clone)	0.3443913	-1.099586	1.216045	0	0	0
Sphere(Clone)	0.075656	-0.4224357	-0.2014497	0	0	0
Sphere(Clone)	-0.1142624	-0.1088658	-0.3435466	0	0	0
Sphere(Clone)	0.1671507	-0.2211342	-0.2171063	0	0	0
Sphere(Clone)	0.2840557	0.3388397	0.2124258	0	0	0
Sphere(Clone)	0.4198868	-0.1157286	0.1237326	0	0	0
Sphere(Clone)	0.1729003	-0.1379115	-0.321906	0	0	0
Sphere(Clone)	0.1457975	-0.2779963	-0.06334001	0	0	0
Sphere(Clone)	0.1535793	-0.07511932	0.1268855	0	0	0
Sphere(Clone)	0.4413099	0.09203118	0.2002421	0	0	0
Sphere(Clone)	-0.4681919	-0.03120154	-0.02102643	0	0	0
Sphere(Clone)	0.1056548	0.3582038	-0.01300198	0	0	0
Sphere(Clone)	-0.03026313	0.09438485	0.4880014	0	0	0
Sphere(Clone)	-0.1137921	0.1573218	-0.1621215	0	0	0
Sphere(Clone)	0.2113136	0.3773776	-0.08644146	0	0	0
Sphere(Clone)	0.402215	-0.1839798	-0.1899434	0	0	0
Sphere(Clone)	-0.4236057	-0.08794254	0.2422539	0	0	0
Sphere(Clone)	0.2779313	0.3176392	0.1340369	0	0	0
Sphere(Clone)	-0.1597804	-0.02389222	0.2021124	0	0	0
Sphere(Clone)	0.001833618	-0.1057426	-0.03994471	0	0	0
Sphere(Clone)	-0.1990909	-0.0807969	-0.2037484	0	0	0
Sphere(Clone)	0.293432	0.1293243	-0.009640992	0	0	0
Sphere(Clone)	0.05670506	-0.04110223	0.4728173	0	0	0
Sphere(Clone)	-0.07519728	-0.1057337	-0.09709352	0	0	0
Sphere(Clone)	-0.1897109	-0.188657	-0.08862931	0	0	0
Sphere(Clone)	-0.3102473	-0.3339372	-0.02174824	0	0	0
Sphere(Clone)	0.2392003	-0.007359207	0.2558984	0	0	0
Sphere(Clone)	-0.3671898	-0.09157974	-0.2767999	0	0	0
Sphere(Clone)	0.006022274	0.2012042	0.1661627	0	0	0
Sphere(Clone)	0.01956815	-0.3193539	0.3704	0	0	0
Sphere(Clone)	0.4161974	0.2634718	0.01193863	0	0	0
Sphere(Clone)	0.02196997	-0.4460193	0.08570677	0	0	0
Sphere(Clone)	-0.2993053	-0.1008177	0.2116797	0	0	0
Sphere(Clone)	0.4486594	0.0213626	0.2177099	0	0	0
Sphere(Clone)	0.05199498	-0.1476397	-0.3865042	0	0	0
Sphere(Clone)	0.1631644	-0.08897203	-0.1318813	0	0	0
Sphere(Clone)	0.1646849	0.2254929	-0.2244409	0	0	0
Sphere(Clone)	-0.1537784	-0.2614251	-0.1370358	0	0	0
Sphere(Clone)	0.09899479	0.03406852	0.09192437	0	0	0
Sphere(Clone)	-0.1880043	0.0006850362	0.4307786	0	0	0
Sphere(Clone)	0.1429852	-0.009753883	0.09937185	0	0	0
Sphere(Clone)	-0.2034518	-0.2532783	0.1361883	0	0	0
Sphere(Clone)	-0.4121881	0.07115012	0.07035977	0	0	0
Sphere(Clone)	-0.03401381	-0.2016349	0.149224	0	0	0
Sphere(Clone)	0.1851326	0.4195061	-0.0446586	0	0	0
Sphere(Clone)	-0.04972261	0.09429067	-0.2484111	0	0	0
Sphere(Clone)	0.3286415	0.2778212	0.1202013	0	0	0
Sphere(Clone)	-0.05942875	-0.2108154	0.08062023	0	0	0
Sphere(Clone)	-0.3789648	0.1956388	0.1567952	0	0	0
Sphere(Clone)	-0.2682977	-0.07175595	0.317372	0	0	0
Sphere(Clone)	-0.3683499	-0.06299251	-0.1998468	0	0	0
Sphere(Clone)	-0.0220781	-0.3523786	0.2603637	0	0	0
Sphere(Clone)	-0.05547339	-0.0285663	0.1644831	0	0	0
Sphere(Clone)	-0.0156725	0.1442338	0.1182168	0	0	0
Sphere(Clone)	0.1759407	0.2878369	-0.02415413	0	0	0
Sphere(Clone)	-0.3654279	0.09047109	0.1948402	0	0	0
Sphere(Clone)	-0.1167315	0.360797	-0.1706495	0	0	0
Sphere(Clone)	0.1578607	-0.06712753	0.3907617	0	0	0
Sphere(Clone)	0.1056065	-0.05116576	0.4150195	0	0	0
Sphere(Clone)	-0.1575173	0.1621286	0.2231979	0	0	0
Sphere(Clone)	0.09651893	-0.3838251	-0.1614088	0	0	0
Sphere(Clone)	0.2746524	-0.3755326	0.08942014	0	0	0
Sphere(Clone)	0.2845863	-0.03914636	0.398518	0	0	0
Sphere(Clone)	0.11004	0.04297286	-0.1025234	0	0	0
Sphere(Clone)	0.06655449	-0.197726	0.2379203	0	0	0
Sphere(Clone)	-0.2095437	0.01957422	-0.3330349	0	0	0
Sphere(Clone)	0.297781	-0.08519298	0.1490342	0	0	0
Sphere(Clone)	0.2016481	-0.2247586	-0.1877086	0	0	0
Sphere(Clone)	-0.02334672	0.1645882	-0.04968125	0	0	0
Sphere(Clone)	0.01301187	0.4363046	-0.2081286	0	0	0
Sphere(Clone)	-0.07925278	-0.4392246	0.2166197	0	0	0
Sphere(Clone)	-0.1746188	-0.223465	-0.2455139	0	0	0
Sphere(Clone)	0.1083083	-0.3215394	0.2365622	0	0	0
Sphere(Clone)	-0.01606315	0.1935991	-0.1653331	0	0	0
Sphere(Clone)	-0.3188692	-0.001453936	-0.1861297	0	0	0
Sphere(Clone)	0.1321976	-0.1874081	0.4191193	0	0	0
Sphere(Clone)	0.4058309	-0.285394	-0.0008198619	0	0	0
Sphere(Clone)	-0.2769626	-0.1354581	0.0285458	0	0	0
Sphere(Clone)	-0.2429127	-0.1075266	0.3804402	0	0	0
Sphere(Clone)	-0.02726763	0.1324724	-0.1559827	0	0	0
Sphere(Clone)	0.2015164	-0.1401413	0.3622959	0	0	0
Sphere(Clone)	0.07290715	-0.2541543	-0.2667115	0	0	0
Sphere(Clone)	0.09575146	-0.4310146	0.2336147	0	0	0
Sphere(Clone)	0.1641418	0.1967326	0.02125698	0	0	0
Sphere(Clone)	0.3489376	-0.2483754	-0.09445459	0	0	0
Sphere(Clone)	-0.2363495	0.2138246	0.269598	0	0	0
Sphere(Clone)	0.3240718	-0.04060727	0.2229863	0	0	0
Sphere(Clone)	-0.3426285	0.2937165	-0.03065687	0	0	0
Sphere(Clone)	-0.3993959	0.1485385	-0.1607258	0	0	0
Sphere(Clone)	-0.03235322	0.320183	-0.3456357	0	0	0
Sphere(Clone)	-0.1305189	-0.3620663	-0.008189261	0	0	0
Sphere(Clone)	0.1094212	0.1552905	-0.03145927	0	0	0
Sphere(Clone)	-0.02658361	-0.126518	-0.1440946	0	0	0
Sphere(Clone)	-0.3928221	-0.0386706	0.2505202	0	0	0
Sphere(Clone)	0.07862264	0.0131529	-0.2176221	0	0	0
Sphere(Clone)	0.121252	0.3645039	0.3152034	0	0	0
Sphere(Clone)	-0.2902272	0.3145162	-0.1079629	0	0	0
Sphere(Clone)	0.3588316	-0.1264071	0.01109558	0	0	0
Sphere(Clone)	0.1118631	0.2850646	-0.2401206	0	0	0
Sphere(Clone)	0.08751017	0.488048	0.002966225	0	0	0
Sphere(Clone)	-0.07274228	-0.1664836	0.1946438	0	0	0
